1 150 26
2 413 5
3 584 11
4 729 6
5 1144 16
6 1274 33
7 1399 19
8 88 90
9 192 102
10 502 86
11 615 104
12 680 93
13 760 79
14 888 49
15 1019 34
16 1169 77
17 1352 114
18 32 144
19 171 162
20 291 129
21 388 170
22 232 211
23 677 139
24 834 143
25 938 159
26 999 89
27 1021 55
28 1103 139
29 1230 156
30 1437 148
31 70 196
32 
33 367 202
34 512 221
35 612 256 
36 669 247 
37 722 203
38 866 203 
39 974 198
40 1050 233
41 1121 203
42 1357 226 
43 45	253	 
44 190 281
45 256 288
46 339 262
47 452 267
48 566 317
49 738 310
50 805 263
51 946 287
52 1019 267
53 1061 289
54 1149 266
55 1240 262
56 1405 280
57 88 294
58 189 335
59 236 382
60 306 330
61 376 390
62 458 356
63 577 389
64 650 371 
65 685 361
66 773 388
67 855 330
68 959 310
69 1005 316
70 1115 335
71 1230 322
72 1365 348
73 51 367
74 100 420
75 206 418
76 299 411
77 339 436
78 390 427
79 474 409
80 594 437
81 655 464
82 747 443
83 804 417
84 908 407
85 959 370
86 1023 392
87 1164 427
88 1186 431
89 1256 409
90 1291 399
91 1428 422
92 18 474
93 65 530
94 113 483
95 194 463
96 398 495
97 441 483
98 504 465
99 571 504
100 642 503
101 1019 457
102 891 454
103 973 440
104 1023 459
105 1293 500
106 1364 477
107 1416 481
108 1266 607
109 467 613
110 507 530
111 547 578
112 617 567
113 673 562
114 783 542
115 853 500
116 1026 551
117 1150 595
118 1067 620
119 1391 634
120 21 692
121 79 688
122 171 719
123 335 679
124 420 663
125 646 613
126 818 603
127 947 582
128 1136 705
129 1174 644
130 616 690
131 670 650
132 744 640
133 878 675
134 985 644
135 1218706
136 1387 759
137 257 744
138 486 709
139 585 745
140 779 730
141 920 743
142 1063 722
143 1174 731
144 34 829
145 117 807
146 157 807
147 213 793
148 305 819
149 375 800
150 410 749
151 461 825
152 487 758
153 553 798
154 657 753
155 713 814
156 793 850
157 868 851
158 984 802
159 954 951
160 1220 849
161 1322 825
162 1420 822
163 165 880
164 236 880
165 391 886
166 531 846
167 651 866
168 685 894
169 756 883
170 853 919
171 1287 1070
172 1093 909
173 1247 948
174 1350 919
175 1421 975
176 49 945
177 107 928
178 215 919
179 338 935
180 418 946
181 469 902
182 534 944
183 587 914
184 762 949
185 830 1032
186 925 1009
187 1049 980
188 1162 979
189 74 1017
190 175 1057
191 259 998
192 276 1090
193 473 990
194 486 1006
195 547 1042
196 645 986
197 655 1016
198 989 1085
199 1209 1093
200